%YAML:1.0
---
body_T_cam0: !!opencv-matrix
   rows: 4
   cols: 4
   dt: d
   data: [ 1.6557831175568638e-02, -9.9986099329915179e-01,
       1.9576275424403227e-03, -1.2220986254640418e-02,
       9.9980097481912278e-01, 1.6578565706596549e-02,
       1.1097833565327220e-02, -6.2634194311186747e-02,
       -1.1128745548938133e-02, 1.7734818706753516e-03,
       9.9993650087621133e-01, -1.4742733231770987e-03, 0., 0., 0., 1. ]
